5
2
5
3
1
0.01471457973677659, -0.9611723569610724, 0.4253550688474441, -0.22712749237277863, -0.4026288222989386
0.41107783166913225, -0.1629030098111992, 0.17315770946494946, 0.41974693307131494, -0.22927417012413864
0.14045724229247425, -0.8144996274209265, 0.48786673334119146, 0.49721121767851983, 0.04839339167332446
-0.24754332158612558, 0.026681564982788286, -0.10030045491428874, -0.14843421628092346, -0.506086061560663
0.25095000728113825, 0.2055329286234766, 0.5155878783921028, 0.5072747106347207, -0.25002351729406336
-0.6359867467569968, -0.019604964306877526, 0.09249100094001905
-0.07411794183727993, 0.057252608632353374, -0.3883743520916636
-0.5281907877582974, 0.32864494232424635, -0.2465607634892404
0.19896263713400109, 0.26514201794126835, -0.26089858553708534
-0.25909542815489695, -0.2477470423426965, -0.17240136842121123
-0.027395098245680427
-0.06854640895159414
-0.8114698950602952